0.274296328076497 
0.366427752216393 
0.520333502940741 
0.407461702763607 
0.487177712729498 
0.482016792276418 
0.660050146210848 
0.399732511842822 
0.655259939299523 
0.199049494463503 
0.558033588132742 
0.184860201112526 
0.181479808718094 
0.611461425048868 
0.457665519494433 
0.417537927551024 
0.440241975140290 
0.320779861491232 
0.362887844122980 
0.310288644794443 
0.194539334802518 
0.748745142893560 
0.268984443150057 
0.604958117268906 
0.350935053258265 
0.434259425420509 
0.345558062553666 
0.430374563369168 
0.600848928807484 
0.690894141827428 
0.277404189537691 
0.692819771951179 
0.294989518727018 
0.447221722849529 
0.533799031001059 
0.555406132141881 
0.448255622156840 
0.446445247649214 
0.662607456450133 
0.442894352460878 
0.236334338282326 
0.438128483696781 
0.225329195308558 
0.574977052614567 
0.370949613548948 
0.437945363123193 
0.243979917673835 
0.475459940514047 
0.552789675556105 
0.406357673118108 
0.933124401402020 
0.375741633430330 
0.570190033937641 
0.209905740141216 
0.236890663421281 
0.358852175456885 
0.306238438112985 
0.246527356656629 
0.211293520272871 
0.331830560792012 
0.471622863366758 
0.384982980516984 
0.441520646150712 
0.273475166274407 
0.572811306214521 
0.634651503425061 
0.272325793076332 
0.119517247339005 
0.339000095432477 
0.811594777815428 
0.433909090108250 
0.417216113395552 
0.163872500929994 
0.273104453307991 
0.275889931587966 
0.134892097257670 
0.234657299411561 
0.385356264761166 
0.640442774302947 
0.223158713155845 
0.258634114671571 
0.604801334252321 
0.503663986267563 
0.572185183972924 
0.288006684119170 
0.406179449961215 
0.249078117160043 
0.286962535142596 
0.288451171894528 
0.523376666296170 
0.566889073123721 
0.550861641603279 
0.503527914366688 
0.161688793066695 
0.255033045881378 
0.598312870755072 
0.295241603287923 
0.377098599007757 
0.431726709145300 
0.429470288131709 
0.380718496098064 
0.383318581654298 
0.428696715099794 
0.237311798619064 
0.253452829232367 
0.219040240758696 
0.407995522685552 
0.378382875694736 
0.429942133207282 
0.216067209814334 
0.619444966891784 
0.227773084025750 
0.438756617138615 
0.352062453373359 
0.435364543694768 
0.844269722629158 
0.352338979089704 
0.202015091829407 
0.571458766425447 
0.509874112471828 
0.414799457187146 
0.387468153540573 
0.297786221934230 
0.666445572091828 
0.348626007866240 
0.688490716752543 
0.354006215260664 
0.658686856290815 
0.472423495848421 
0.370252510236866 
0.344806167515944 
0.391308829208684 
0.463073493858183 
0.645118054842555 
0.742711550812914 
0.641595410013446 
0.397634354115098 
0.470538863864144 
0.317115981229868 
0.360477328793115 
0.523521481990246 
0.282236230905076 
0.543034242594194 
0.296123737574659 
0.324266845563743 
0.216892511216643 
0.455463656919676 
0.451281198967464 
0.332543883938633 
0.666086442691531 
0.874793509521907 
0.341802014978900 
0.420989648342012 
0.963288987202889 
0.367906482918764 
0.336023753636838 
0.649194576976372 
0.318153164067722 
0.396964935667834 
0.588303632572142 
0.595348637210026 
0.451004592764476 
0.333466666673648 
0.376859306660533 
0.268264263784721 
0.341550675692540 
0.617933411896434 
0.263171212405511 
0.391369232100257 
0.521136038796497 
0.279480707171687 
0.543732514611601 
0.180929357619982 
0.599411268560524 
0.305492526326786 
0.469459345350535 
0.311681269307934 
0.216610557879380 
0.415925130430809 
0.356156602926490 
0.702796093575271 
0.318114074958775 
0.668398267913612 
0.294443786006451 
0.621356789138563 
0.708267212436501 
0.760244968639626 
0.643617445313341 
0.284826934008510 
0.670991369764679 
0.411691183633243 
0.415818197466601 
0.480766769311621 
0.275721137217182 
0.601472309072696 
0.545518048609856 
0.268289996861459 
0.496060477792606 
0.467345030349987 
0.268789630472361 
0.285225038048578 
0.291672956630628 
0.394290404820538 
0.626687359525957 
0.571107559884677 
0.384105603255118 
0.187363313501892 
0.396850757775386 
0.773125749367144 
0.641470986228270 
0.615247980599315 
0.290007805685844 
0.155352200217761 
0.229291229882675 
0.255143720704723 
0.100879831575649 
0.293624626310903 
0.536444194915130 
0.240974694341452 
0.247761888301699 
0.562320003023797 
0.397214738732845 
0.582295875075416 
0.502465741487291 
0.315007665362769 
0.531083031591498 
0.593910509638991 
0.393881681275898 
0.389488156214060 
0.158744974750457 
0.307830161520997 
0.303346075853277 
0.610525463058659 
0.466719042422109 
0.368218933968078 
0.321106212156806 
0.411144022496791 
0.334834092624375 
0.393125405443182 
0.481160954127246 
0.201894670760104 
0.240037214061838 
0.247784990143924 
0.630625274565748 
0.339123147854770 
0.330490531100185 
0.563089142403954 
0.275413958935675 
0.188000233524931 
0.310077362940770 
0.063756646244465 
0.143090163661342 
0.367813189705810 
0.597850622637375 
0.740143305273109 
0.261535728189437 
0.487466043942787 
0.147586138331155 
0.203258676086802 
0.497244845933744 
0.517244549493141 
0.106260819080747 
0.786238454175542 
0.374669353421432 
0.166306770080359 
0.251398979533517 
0.640330758378419 
0.218422749980351 
0.214201773048075 
0.318287880774535 
0.279622104550983 
0.327124356941799 
0.363200950590515 
0.338046321627969 
0.276453540672243 
0.544732774596088 
0.366733741560536 
0.383708701956275 
0.531927428071979 
0.317623035495978 
0.281125386897712 
0.390208343431016 
0.375653194496687 
0.370515963103862 
0.296975754465019 
0.432813097495383 
0.265923388428126 
0.239255683006378 
0.203952452317265 
0.462424366838705 
0.273817200080494 
0.187619961381743 
0.275637928863105 
0.441671180619799 
0.489980964816808 
0.236375727575256 
0.160108852136161 
0.231660279022264 
0.650892192149462 
0.287476538195003 
0.900240503467558 
0.234605312290128 
0.388268405325423 
0.564509570748542 
0.578659108878909 
0.685046215029228 
0.196985205343720 
0.378111692296946 
0.602396355332792 
0.565861903788569 
0.583733752810261 
0.552063329878608 
0.237402423269045 
0.622025171804013 
0.223282029453152 
0.555289498641209 
0.316019326420604 
0.683186441973351 
0.337813553882750 
0.090020213390776 
0.274174545819179 
0.294239670533751 
0.448799400653052 
0.547275287619406 
0.364729404100831 
0.134216779386664 
0.418260382743180 
0.533278227919495 
0.390552372236921 
0.375725901403354 
0.150910863025419 
0.500579311998486 
0.480719595048369 
0.259586616274010 
1.057978744486849 
0.116992431777906 
0.477093592682099 
0.880287971272713 
0.260021647532304 
0.426705470118479 
0.336487692575780 
0.245062314723971 
0.453816625552386 
0.754744458994572 
0.339513992814923 
0.317069937885403 
0.833842707545040 
0.577728087740574 
0.138039032409525 
0.592233730888978 
0.476694078356344 
0.444376254232220 
0.225206479725583 
0.586570497911419 
0.700163611055238 
0.446353872964993 
0.584466744668230 
0.375526981967798 
0.078090594635422 
0.432329686549593 
0.301870151338955 
0.629154141042266 
0.661145715614921 
0.261128967344985 
0.411507985299799 
0.311889605913241 
0.135574214031613 
0.211641808774433 
0.504681133379227 
0.313981746026884 
0.432025740250045 
0.517240015700402 
0.656848608975830 
0.365712461188625 
0.311524589359836 
0.552511347210770 
0.395098232876990 
0.512184856983906 
0.340564488441612 
0.380042278275783 
0.494884276282291 
0.530159810231775 
0.198073708724501 
0.320577416921112 
0.500632277919001 
0.628849703457857 
0.370558784909019 
0.233721356796520 
0.347031431433366 
0.354325487587490 
0.358296398847132 
0.352507395435760 
0.200442524784981 
0.242280110052814 
0.612225428699196 
0.271415756351026 
0.500615486612379 
0.471539497463561 
0.450992247505568 
0.465426792327452 
0.188221327529409 
0.371769948749898 
0.204875063518048 
0.271842683717410 
0.233938954005647 
0.551789576182714 
0.518735947632228 
0.476971934396936 
0.392608723650709 
0.199917100477833 
0.242782894986120 
0.347660565450607 
0.433050276172032 
0.627094379182934 
0.340604606056012 
0.273945009853437 
0.387372890542840 
0.473949487927950 
0.331103244331279 
0.279336968593203 
0.346047713557457 
0.391795877111362 
0.648152815569798 
0.412226964562212 
0.346248367713335 
0.327163308818465 
0.373522205513418 
0.410793833833144 
0.203880578276068 
0.608424607250108 
0.751400791913116 
0.325268214138237 
0.498528947801738 
0.531495917534701 
0.286252229528341 
0.264688165972630 
0.300783571153701 
0.934245392484535 
0.395157766259739 
0.592621147376159 
0.760865968284403 
0.474805575412651 
0.745023973083667 
0.552671241719658 
0.067209926859028 
0.312455479776153 
0.700924078814543 
0.430201820930675 
0.389072385990481 
0.525388304003153 
0.384033526321469 
0.177749431552293 
0.291958246660634 
0.661518172262802 
0.419755197921145 
0.498922782037303 
0.349833620986256 
0.372043892939116 
0.411244719676740 
0.618709274406266 
0.202959876084025 
0.278114951917603 
0.220490647593687 
0.525062872684456 
0.351832176231266 
0.471273906961249 
0.209599136081784 
0.253739758028146 
0.690191172273177 
0.477167752292182 
0.192775747544154 
0.119087832488325 
0.482790612495141 
0.443245907428954 
0.683183464617143 
0.197158258715989 
0.313794586415659 
0.296400002366309 
0.220039538986382 
0.420092781954028 
0.998549550731193 
0.231725703412509 
0.470807252938253 
0.260255212361375 
0.566937317053935 
0.342635421935129 
0.677574518004407 
0.586445554964637 
0.647644488445160 
0.371634161029093 
0.168858624806534 
0.338746483709994 
0.363698944798686 
0.663133994570222 
0.451320932797641 
0.623183435581619 
0.148553011187636 
0.236246097075510 
0.528940684953329 
0.211847628905041 
0.511695775717745 
0.623314519428093 
1.001946515169318 
0.389599213075902 
0.181559819526215 
0.137769843318018 
0.741875323459401 
0.571759559057899 
0.444133493687732 
0.341916784391228 
0.304352447373185 
0.203393886939247 
0.236748321234456 
0.424304133944120 
0.264927905553730 
0.516616044227936 
0.442815191239716 
0.371265353446474 
0.604615426572181 
0.568489157018109 
0.319906965036556 
0.261408201591998 
0.479718822976783 
0.177540850237730 
0.364936470777657 
0.373331407810165 
0.356689316195305 
0.175107173776875 
0.232238457732006 
0.351840752527921 
0.265723258527209 
0.793337717220424 
0.379272332253135 
0.382484943007112 
0.533621000576925 
0.550182111991745 
0.237264350363589 
0.163183623703734 
0.388170897311805 
0.438511831151600 
0.284851084603943 
0.587390090784339 
0.352792644537449 
0.312514738695756 
0.165360225181830 
0.309662803795606 
0.361458997897573 
0.406951039996729 
0.550027160181723 
0.723412951335007 
0.466652324717239 
0.432309113423291 
0.615403753069341 
0.503555469398101 
0.091052061240400 
0.267909446893968 
0.540313213280004 
0.347189001606708 
0.534268690391800 
0.381910888042608 
0.273167514710528 
0.487430301398637 
0.242385528328247 
0.447651593342339 
0.715618128452480 
0.819548001275850 
0.324313847699252 
0.908175534216951 
0.729543283007734 
0.406959099883075 
0.427515353875547 
0.288522893437913 
0.359868272745535 
0.280294004395410 
0.273247275057060 
0.564872382210076 
0.414783391821711 
0.410437171541856 
0.274072603470537 
0.142426254493858 
0.282328953299705 
0.157365720136031 
0.550555251185419 
0.182626787026061 
0.420675258069295 
0.741486500909260 
1.048644749107004 
0.280125548425494 
0.281826481038700 
0.500600337900884 
0.450118575816509 
0.286544939706411 
0.259845984122689 
0.178011303775477 
0.397625467637800 
0.201384027861224 
0.232843262000535 
0.498762183446360 
0.133050832234434 
0.080979237634808 
0.710448652467927 
0.376547847926002 
0.211794233243591 
0.515756659338409 
0.372621797136946 
0.381388972243118 
0.360063940565323 
0.615124390595954 
0.316085848778227 
0.323165837085497 
0.465176304238190 
0.229127695551302 
0.357063648209232 
0.564166161215922 
0.370607930883413 
0.203872926360433 
0.617078446896603 
0.505290029998020 
0.436356966188636 
0.237733462959945 
1.011417758348438 
0.648385752126065 
0.258840374486588 
0.254559594317859 
0.375754767720910 
0.442066336046930 
0.122582859918831 
0.344123507963338 
0.325841674330464 
0.278458148616488 
0.259654868909812 
0.422453620021846 
0.600986989343853 
0.536645382939140 
0.315317635313852 
0.244138754106444 
0.473641735816347 
0.309532436968316 
0.316252354102341 
0.350321920597583 
0.527132756733589 
0.462512354119625 
0.193004719609450 
0.440457726773937 
0.240579603621581 
0.526519600569440 
0.666647672081909 
0.700828262645852 
0.783515854595246 
0.573418030668130 
0.354846642692655 
0.586718814610998 
0.604118492609461 
0.679434383053148 
0.418311164729016 
0.371324411649058 
0.628095013782709 
0.328717666224874 
0.294793415435621 
0.438029081026017 
0.259878685342721 
0.350707885116037 
0.559524635183049 
0.407045937811930 
0.237084887978003 
0.137438678788794 
0.243737174920232 
0.204852292344925 
0.607151937771096 
0.307933154950794 
0.226477764790977 
0.434087394381974 
0.202042110611352 
0.345918339535205 
0.409912093558688 
0.433431228702251 
0.307470034081202 
0.201414274412186 
0.261102937982939 
0.412621911594370 
0.383157256260806 
0.105241071420773 
0.481234099593397 
0.496481888466651 
0.280490270170160 
0.341151376649093 
0.438515372585516 
0.372030281943082 
0.378923213021159 
0.233517031813761 
0.425244171717110 
0.577089128938414 
0.616908512959397 
0.184022994999176 
0.349675404138035 
0.453721524923900 
0.882132080905059 
0.168266760427139 
0.342619331429519 
0.316352157394657 
