0.071467267955186 
0.130990669266651 
0.188510507356271 
0.229024515654142 
0.248244750872294 
0.243815988984490 
0.216160656927344 
0.168417835199684 
0.105728890017418 
0.034293482777457 
-0.039347100912406 
-0.108614163291896 
-0.167034438570117 
-0.208614191271823 
-0.228638876411893 
-0.224646855851122 
-0.197080690898759 
-0.149218167562171 
-0.086416983019379 
-0.015086074018815 
0.058109234021944 
0.126608178149557 
0.184085243432330 
0.224765387823618 
0.244139176323921 
0.239857996568797 
0.212345488423630 
0.164738211076152 
0.102175760973892 
0.030855892217538 
-0.042678960207413 
-0.111847968474122 
-0.170173469268380 
-0.211658224021845 
-0.231584600841147 
-0.227490672889419 
-0.199820096160225 
-0.151853941827500 
-0.088953078608996 
-0.017529617906563 
0.055749931218077 
0.124324370204048 
0.181870506788927 
0.222617857397276 
0.242055359709542 
0.237837423562722 
0.210387456125211 
0.162840394446920 
0.100334525083013 
0.029066332087789 
-0.044421536097627 
-0.113547219235719 
-0.171830904200581 
-0.213273426229358 
-0.233155552452144 
-0.229015087510301 
-0.201296311090571 
-0.153282011590709 
-0.090334878351039 
-0.018868738457573 
0.054449203850703 
0.123057927124448 
0.180635131728162 
0.221411701371479 
0.240880194642851 
0.236692758508901 
0.209273805559418 
0.161757290158626 
0.099280359700924 
0.028038575024221 
-0.045425533052453 
-0.114529577311383 
-0.172792539179940 
-0.214214063175320 
-0.234073943359886 
-0.229909762943629 
-0.202166178381149 
-0.154127006462208 
-0.091156082989680 
-0.019668288674815 
0.053668743583401 
0.122294173242948 
0.179886563215286 
0.220677751429960 
0.240161075962351 
0.235989747137916 
0.208587532111382 
0.161088415102028 
0.098627629352132 
0.027400708178638 
-0.046050250357057 
-0.115142510988215 
-0.173394321787129 
-0.214804506561158 
-0.234652228561600 
-0.230474875125989 
-0.202717374175796 
-0.154664201546095 
-0.091679999545081 
-0.020180340864202 
0.053166826917405 
0.121800853183933 
0.179402084043453 
0.220200345044764 
0.239691729151400 
0.235529762551628 
0.208137824042323 
0.160648753081974 
0.098198186389881 
0.026980379156809 
-0.046462577641458 
-0.115547840921308 
-0.173793151773655 
-0.215196770782401 
-0.235037388106384 
-0.230852255460175 
-0.203086464464191 
-0.155024973221785 
-0.092032980693698 
-0.020526564946533 
0.052826141917657 
0.121464621637951 
0.179068564969477 
0.219871347723344 
0.239367992690900 
0.235211262611764 
0.207825613355944 
0.160343265595881 
0.097899291896209 
0.026687471919745 
-0.046750344433712 
-0.115831210996448 
-0.174072529642640 
-0.215472117318503 
-0.235308326593796 
-0.231118278358737 
-0.203347207037537 
-0.155280413594210 
-0.092283543502928 
-0.020773040879688 
0.052582802985231 
0.121223617896917 
0.178829497708795 
0.219634249068491 
0.239132752955065 
0.234979675921834 
0.207598366254011 
0.160120563126442 
0.097681157408383 
0.026473443510560 
-0.046960905380469 
-0.116038889079770 
-0.174277638168172 
-0.215674630790606 
-0.235507945052067 
-0.231314604989258 
-0.203539950713316 
-0.155469561428918 
-0.092469433200760 
-0.020956309598428 
0.052401392569673 
0.121043413634139 
0.178650184876011 
0.219456804446710 
0.238956673776268 
0.234805884311547 
0.207427394166054 
0.159953025314034 
0.097517004548130 
0.026312376206425 
-0.047119418382300 
-0.116195323120592 
-0.174432294338613 
-0.215827511646928 
-0.235658859313531 
-0.231463251267021 
-0.203686136634722 
-0.155613289705864 
-0.092611013731120 
-0.021096265338225 
0.052262425685522 
0.120904936340355 
0.178511968459876 
0.219318172861931 
0.238819201218963 
0.234670015626814 
0.207293669071795 
0.159821834001227 
0.097388396627947 
0.026186090190226 
-0.047243797652942 
-0.116318205667178 
-0.174553912960153 
-0.215947884355214 
-0.235777809910242 
-0.231580544350234 
-0.203801596799631 
-0.155726937599415 
-0.092723098679068 
-0.021207247630813 
0.052152015403953 
0.120794651805739 
0.178401619423147 
0.219207885323721 
0.238709368527863 
0.234561303758669 
0.207186616899469 
0.159716761326077 
0.097285385805441 
0.026084933362409 
-0.047343448755661 
-0.116416702447690 
-0.174651463954694 
-0.216044515798020 
-0.235873386445096 
-0.231674877445437 
-0.203894551312655 
-0.155818542012036 
-0.092813578687738 
-0.021297005245355 
0.052062517282182 
0.120705027673778 
0.178311703901689 
0.219117954891187 
0.238620359244292 
0.234472791597869 
0.207099391521325 
0.159631188490039 
0.097201547932828 
0.026002674861405 
-0.047424431242580 
-0.116496725428986 
-0.174730729117476 
-0.216123072752864 
-0.235951143009471 
-0.231751696704463 
-0.203970336679008 
-0.155893339388895 
-0.092887597898739 
-0.021370607944432 
0.051988928624366 
0.120631128706968 
0.178237386744818 
0.219043213812219 
0.238545038488375 
0.234398334348902 
0.207025983391452 
0.159559126701142 
0.097130914343218 
0.025933327529771 
-0.047492755803616 
-0.116564295475474 
-0.174797717185754 
-0.216189507669542 
-0.236016940072807 
-0.231816722308032 
-0.204034505774199 
-0.155956682429578 
-0.092950303592763 
-0.021432990625588 
