0.000387041459067 
0.001326347674334 
0.001837389547152 
0.002199327930007 
0.002360842328143 
0.002308956801834 
0.002057015504638 
0.001626299436032 
0.001070741105024 
0.000427016975851 
-0.000239328732419 
-0.000881254378281 
-0.001423308386958 
-0.001813980813483 
-0.001993592396472 
-0.001949250331877 
-0.001680256980144 
-0.001232004026225 
-0.000648732690388 
0.000001843536360 
0.000667710747874 
0.001283208284125 
0.001798000581623 
0.002155396603630 
0.002320560191330 
0.002271158557875 
0.002020669911818 
0.001594162259877 
0.001038399895725 
0.000397585839188 
-0.000270809711944 
-0.000911307214792 
-0.001455817126886 
-0.001844705076195 
-0.002025151608790 
-0.001977353814282 
-0.001707575713933 
-0.001255395796316 
-0.000671436107938 
-0.000017921978809 
0.000647695265895 
0.001264829285444 
0.001779531932880 
0.002137484244078 
0.002302700836271 
0.002254586566419 
0.002004269667330 
0.001579085749556 
0.001023278074952 
0.000383297782610 
-0.000285594873663 
-0.000925709846461 
-0.001470841121895 
-0.001859264649997 
-0.002039873895841 
-0.001991092435252 
-0.001720940182985 
-0.001267547669639 
-0.000683184003558 
-0.000028719105301 
0.000637005067651 
0.001254696784309 
0.001769133177865 
0.002128018176378 
0.002292729880669 
0.002245256430132 
0.001994920432023 
0.001570325376187 
0.001014460925407 
0.000374881535267 
-0.000294211677800 
-0.000934106504509 
-0.001479485209574 
-0.001867672757096 
-0.002048355575189 
-0.001999138290116 
-0.001728834472102 
-0.001274901912917 
-0.000690359271939 
-0.000035455761893 
0.000630326494651 
0.001248292165873 
0.001762676736168 
0.002121700812679 
0.002286554465396 
0.002239232898309 
0.001988651333046 
0.001564510167061 
0.001008546010364 
0.000369299956407 
-0.000299971535806 
-0.000939617111403 
-0.001485194563458 
-0.001873145036499 
-0.002053945343788 
-0.002004414649760 
-0.001734114866262 
-0.001279829440924 
-0.000695267808273 
-0.000040068198161 
0.000625690159525 
0.001243925468595 
0.001758045283984 
0.002117309913430 
0.002282004698343 
0.002234991089239 
0.001984601180699 
0.001560468118012 
0.001004596979413 
0.000365370767979 
-0.000303815044029 
-0.000943485162331 
-0.001488999005854 
-0.001876968554919 
-0.002057678725818 
-0.002008113510042 
-0.001737678503187 
-0.001283324177357 
-0.000698631454490 
-0.000043386814605 
0.000622446576739 
0.001240622556906 
0.001754988807863 
0.002114281177531 
0.002278784920945 
0.002231904713679 
0.001981518165152 
0.001557488328150 
0.001001632810153 
0.000362487094103 
-0.000306697071000 
-0.000946313984818 
-0.001491837196872 
-0.001879758588292 
-0.002060461393212 
-0.002010825250076 
-0.001740353646674 
-0.001285914232192 
-0.000701182574217 
-0.000045870927049 
0.000619976180679 
0.001238183770665 
0.001752520370013 
0.002111686586876 
0.002276441474925 
0.002229342400362 
0.001979109925918 
0.001555037859636 
0.000999301092903 
0.000360123997092 
-0.000308961501295 
-0.000948612232829 
-0.001494054775689 
-0.001882007696689 
-0.002062632325987 
-0.002013011769877 
-0.001742455484260 
-0.001288020130457 
-0.000703210914928 
-0.000047909894328 
0.000617995223597 
0.001236185695868 
0.001750608091788 
0.002109737137478 
0.002274438422064 
0.002227540751995 
0.001977210718275 
0.001553242550271 
0.000997447091882 
0.000358375524827 
-0.000310769062397 
-0.000950327288306 
-0.001495827220341 
-0.001883696111754 
-0.002064367858063 
-0.002014662579388 
-0.001744138254249 
-0.001289619839044 
-0.000704837673180 
-0.000049467911944 
0.000616401206773 
0.001234631929112 
0.001748961714061 
0.002108122947088 
0.002272856741727 
0.002225911086335 
0.001975642031228 
0.001551652539597 
0.000995913215073 
0.000356828528250 
-0.000312264858601 
-0.000951836103827 
-0.001497291265384 
-0.001885172499139 
-0.002065802283386 
-0.002016104031557 
-0.001745537041279 
-0.001291021299412 
-0.000706200744250 
-0.000050836744492 
0.000615060422185 
0.001233279179700 
0.001747630459101 
0.002106787073749 
0.002271546180491 
0.002224522478342 
0.001974321167720 
0.001550302153693 
0.000994614656561 
0.000355511288404 
-0.000313536036088 
-0.000953122586465 
-0.001498536972873 
-0.001886431749388 
-0.002067023877290 
-0.002017335182151 
-0.001746731011879 
-0.001292221143166 
-0.000707366529528 
-0.000052009274439 
0.000613915548299 
0.001232127341361 
0.001746517465491 
0.002105775411176 
0.002270415645232 
0.002223479125908 
0.001973238627272 
0.001549248061569 
0.000993551886959 
0.000354462376390 
-0.000314585921839 
-0.000954163322764 
-0.001499575439976 
-0.001887460934792 
-0.002068047378348 
-0.002018346115320 
-0.001747731827215 
-0.001293206217567 
-0.000708340093241 
-0.000052968547246 
0.000612963124172 
0.001231179607895 
0.001745551966168 
0.002104698065915 
0.002269469134948 
0.002222453157481 
0.001972257390397 
0.001548242953336 
0.000992568024765 
0.000353472399235 
-0.000315560652886 
-0.000955137521558 
-0.001500535730413 
-0.001888418162500 
-0.002068990865714 
-0.002019284472635 
-0.001748655291212 
-0.001294122764320 
-0.000709241734915 
-0.000053863803025 
