2.402303945624227 
2.220490129653669 
1.820937160653443 
1.238953717926228 
0.530720506886700 
-0.231722576980015 
-0.969321150953528 
-1.606269520628528 
-2.079632524618084 
-2.345772014468460 
-2.382765969380412 
-2.190028372923225 
-1.786997164748388 
-1.211663805880575 
-0.518324908031350 
0.226491789360720 
0.950330910658294 
1.582608151459485 
2.062164067435543 
2.342925983885717 
2.397257838929200 
2.217862533344076 
1.819037040523072 
1.237137649776422 
0.528901958722993 
-0.233564879013599 
-0.971149005384011 
-1.608021756644105 
-2.081257011306220 
-2.347247835492016 
-2.384109193187698 
-2.191289540590614 
-1.788246661961448 
-1.212966854203224 
-0.519712685773967 
0.225035263733730 
0.948858982838272 
1.581186045482357 
2.060845748325121 
2.341739586690879 
2.396206579371371 
2.216908119979777 
1.818141843157720 
1.236263354790676 
0.528014567197176 
-0.234477352848132 
-0.972079944434535 
-1.608953379576746 
-2.082168454632416 
-2.348122604063836 
-2.384939653107724 
-2.192079197450910 
-1.789008132546215 
-1.213715497862486 
-0.520457657833208 
0.224296831082372 
0.948141279624446 
1.580507777727958 
2.060222002644555 
2.341175556096725 
2.395695608785731 
2.216437847668864 
1.817681403610816 
1.235789986928183 
0.527520232550279 
-0.235004726283111 
-0.972638671667699 
-1.609534645215233 
-2.082758810615160 
-2.348707180804747 
-2.385505555058169 
-2.192618386830669 
-1.789518242156443 
-1.214198113713457 
-0.520914566565490 
0.223866707872627 
0.947742429470896 
1.580145563946552 
2.059899012379124 
2.340888568697765 
2.395434883147267 
2.216188793687921 
1.817429257542711 
1.235518270518917 
0.527219216757715 
-0.235334608580676 
-0.973010771898760 
-1.609936021052023 
-2.083178459746414 
-2.349131560557013 
-2.385920926302051 
-2.193013502815586 
-1.789885977007168 
-1.214535273062376 
-0.521220081068671 
0.223593712925865 
0.947503249028283 
1.579940764668943 
2.059726392633095 
2.340741563595207 
2.395301918663582 
2.216052495727717 
1.817285939270739 
1.235353060397977 
0.527018080789141 
-0.235576435684271 
-0.973279848793538 
-1.610234706930022 
-2.083498115693946 
-2.349460032299624 
-2.386244831642252 
-2.193320846268052 
-1.790168008244427 
-1.214786938716480 
-0.521439042076348 
0.223408357730752 
0.947351562626106 
1.579821294180420 
2.059634934138060 
2.340670290999224 
2.395240434393438 
2.215991876615419 
1.817200903910422 
1.235244222140220 
0.526881714299589 
-0.235746907200429 
-0.973483899944583 
-1.610468203872861 
-2.083753157736597 
-2.349725480353902 
-2.386508060656292 
-2.193569989871603 
-1.790393891701373 
-1.214983763601246 
-0.521603907422113 
0.223276432756734 
0.947252095962217 
1.579751954586514 
2.059590649762384 
2.340642787612600 
2.395218846005386 
2.215964631676583 
1.817161320467322 
1.235179638576006 
0.526786076155940 
-0.235876484731982 
-0.973645240968607 
-1.610657704196861 
-2.083963760421084 
-2.349947059158354 
-2.386728801649914 
-2.193778483912077 
-1.790580997392208 
-1.215143448684968 
-0.521733012622634 
0.223178927921512 
0.947185469881494 
1.579713471551462 
2.059574916778701 
2.340641506751299 
2.395221507240092 
2.215959714666085 
1.817135022378519 
1.235134175813279 
0.526710678492218 
-0.235979846722070 
-0.973778042850651 
-1.610817061308627 
-2.084143411619695 
-2.350137699325592 
-2.386919418234035 
-2.193958206844985 
-1.790740961306466 
-1.215277619252918 
-0.521838169349578 
0.223103837661181 
0.947139608824968 
1.579693967090648 
2.059576311428761 
2.340655706651347 
2.395238541807680 
2.215969872221340 
1.817133734999340 
1.235105433319748 
0.526655170399982 
-0.236063574587116 
-0.973889585678879 
-1.610953629183849 
-2.084299295305711 
-2.350304364170274 
-2.387086570026042 
-2.194115592202200 
-1.790880039590258 
-1.215392515808464 
-0.521925650233065 
0.223044802312361 
0.947108170671049 
1.579687208490030 
2.059588878385640 
2.340679765806105 
2.395264601957539 
2.215988294332483 
1.817136337827482 
1.235086778929040 
0.526612345482073 
-0.236133396624516 
-0.973985482176796 
-1.611073075547108 
-2.084437066039182 
-2.350452573312998 
-2.387235598790042 
-2.194255754689681 
-1.791003183207593 
-1.215492955768675 
-0.522000219401295 
0.222997125392698 
0.947086537355819 
1.579688748049820 
2.059608388178637 
2.340709734966838 
2.395296014702087 
2.216011969008746 
1.817142300152681 
1.235070711837563 
0.526576489104930 
-0.236193274978926 
-0.974069779199994 
-1.611179497134206 
-2.084560845807695 
-2.350586380514607 
-2.387370423073282 
-2.194382451575922 
-1.791113988471352 
-1.215582411522552 
-0.522065247520437 
0.222957522688415 
0.947071537050033 
1.579695558166230 
2.059631998495654 
2.340742969305452 
2.395330358984403 
2.216039088920748 
1.817157625748291 
1.235068453335815 
0.526548441194140 
-0.236244914544789 
-0.974144260532066 
-1.611274824581116 
-2.084672602697486 
-2.350707762422791 
-2.387492981637891 
-2.194497538098522 
-1.791214222931987 
-1.215662548291273 
-0.522122320529585 
0.222924496665583 
0.947061751494037 
1.579706322481901 
2.059658490936128 
2.340778347482541 
