-0.995184726672197     -0.600000000000000     -0.030000000000000     
-0.956940335732209     -0.600000000000000     -0.030000000000000     
-0.881921264348355     -0.600000000000000     -0.030000000000000     
-0.773010453362737     -0.600000000000000     -0.030000000000000     
-0.634393284163645     -0.600000000000000     -0.030000000000000     
-0.471396736825998     -0.600000000000000     -0.030000000000000     
-0.290284677254462     -0.600000000000000     -0.030000000000000     
-0.098017140329561     -0.600000000000000     -0.030000000000000     
0.098017140329561     -0.600000000000000     -0.030000000000000     
0.290284677254462     -0.600000000000000     -0.030000000000000     
0.471396736825998     -0.600000000000000     -0.030000000000000     
0.634393284163645     -0.600000000000000     -0.030000000000000     
0.773010453362737     -0.600000000000000     -0.030000000000000     
0.881921264348355     -0.600000000000000     -0.030000000000000     
0.956940335732209     -0.600000000000000     -0.030000000000000     
0.995184726672197     -0.600000000000000     -0.030000000000000     
0.000000000000000     -0.995184726672197     0.000000000000000     
0.000000000000000     -0.956940335732209     0.000000000000000     
0.000000000000000     -0.881921264348355     0.000000000000000     
0.000000000000000     -0.773010453362737     0.000000000000000     
0.000000000000000     -0.634393284163645     0.000000000000000     
0.000000000000000     -0.471396736825998     0.000000000000000     
0.000000000000000     -0.290284677254462     0.000000000000000     
0.000000000000000     -0.098017140329561     0.000000000000000     
0.000000000000000     0.098017140329561     0.000000000000000     
0.000000000000000     0.290284677254462     0.000000000000000     
0.000000000000000     0.471396736825998     0.000000000000000     
0.000000000000000     0.634393284163645     0.000000000000000     
0.000000000000000     0.773010453362737     0.000000000000000     
0.000000000000000     0.881921264348355     0.000000000000000     
0.000000000000000     0.956940335732209     0.000000000000000     
0.000000000000000     0.995184726672197     0.000000000000000     
-0.995184726672197     0.600000000000000     0.050000000000000     
-0.956940335732209     0.600000000000000     0.050000000000000     
-0.881921264348355     0.600000000000000     0.050000000000000     
-0.773010453362737     0.600000000000000     0.050000000000000     
-0.634393284163645     0.600000000000000     0.050000000000000     
-0.471396736825998     0.600000000000000     0.050000000000000     
-0.290284677254462     0.600000000000000     0.050000000000000     
-0.098017140329561     0.600000000000000     0.050000000000000     
0.098017140329561     0.600000000000000     0.050000000000000     
0.290284677254462     0.600000000000000     0.050000000000000     
0.471396736825998     0.600000000000000     0.050000000000000     
0.634393284163645     0.600000000000000     0.050000000000000     
0.773010453362737     0.600000000000000     0.050000000000000     
0.881921264348355     0.600000000000000     0.050000000000000     
0.956940335732209     0.600000000000000     0.050000000000000     
0.995184726672197     0.600000000000000     0.050000000000000     
-1.115184726672179     -0.599999999999841     -0.029999999999990     
-1.076940335732191     -0.599999999999841     -0.029999999999990     
-1.001921264348338     -0.599999999999841     -0.029999999999990     
-0.893010453362719     -0.599999999999841     -0.029999999999990     
-0.754393284163628     -0.599999999999841     -0.029999999999990     
-0.591396736825980     -0.599999999999841     -0.029999999999990     
-0.410284677254445     -0.599999999999841     -0.029999999999990     
-0.218017140329543     -0.599999999999841     -0.029999999999990     
-0.021982859670422     -0.599999999999841     -0.029999999999990     
0.170284677254480     -0.599999999999841     -0.029999999999990     
0.351396736826015     -0.599999999999841     -0.029999999999990     
0.514393284163663     -0.599999999999841     -0.029999999999990     
0.653010453362755     -0.599999999999841     -0.029999999999990     
0.761921264348373     -0.599999999999841     -0.029999999999990     
0.836940335732226     -0.599999999999841     -0.029999999999990     
0.875184726672214     -0.599999999999841     -0.029999999999990     
-0.199036945335332     -0.995184726672191     -0.000000000000002     
-0.191438957780394     -0.957702677322060     -0.000000000000004     
-0.176534969071320     -0.884178992758135     -0.000000000000007     
-0.154897731136147     -0.777439146945610     -0.000000000000011     
-0.127358750894527     -0.641585092298642     -0.000000000000011     
-0.094976335913073     -0.481837623949492     -0.000000000000002     
-0.058994924239134     -0.304335747519427     0.000000000000004     
-0.020797261344832     -0.115900760575437     0.000000000000001     
0.018148738006661     0.076225886009707     -0.000000000000003     
0.056346400901183     0.264660872953652     -0.000000000000007     
0.092327812575121     0.442162749383717     -0.000000000000005     
0.124710227556614     0.601910217732860     0.000000000000005     
0.152249207798183     0.737764272379837     0.000000000000008     
0.173886445733120     0.844504118192411     0.000000000000007     
0.188790434441887     0.918027802756398     0.000000000000006     
0.196388421996641     0.955509852106566     0.000000000000005     
-0.875184726672197     0.599999999999840     0.049999999999991     
-0.836940335732209     0.599999999999840     0.049999999999991     
-0.761921264348356     0.599999999999840     0.049999999999991     
-0.653010453362738     0.599999999999840     0.049999999999991     
-0.514393284163646     0.599999999999840     0.049999999999991     
-0.351396736825998     0.599999999999840     0.049999999999991     
-0.170284677254463     0.599999999999840     0.049999999999991     
0.021982859670439     0.599999999999840     0.049999999999991     
0.218017140329560     0.599999999999840     0.049999999999991     
0.410284677254462     0.599999999999840     0.049999999999991     
0.591396736825997     0.599999999999840     0.049999999999991     
0.754393284163645     0.599999999999840     0.049999999999991     
0.893010453362736     0.599999999999840     0.049999999999991     
1.001921264348354     0.599999999999840     0.049999999999991     
1.076940335732208     0.599999999999840     0.049999999999991     
1.115184726672196     0.599999999999840     0.049999999999991     
-1.234151700552203     -0.600645564083985     -0.029990999194835     
-1.195907239078984     -0.600625671532930     -0.029989430679696     
-1.120888351080795     -0.600583153648332     -0.029986408543849     
-1.011977286255276     -0.600485422606889     -0.029982695880508     
-0.873361034228288     -0.600163796829439     -0.029982233935776     
-0.710366882559883     -0.599163746191145     -0.029997631787194     
-0.529271576735344     -0.596840679806021     -0.030052155427933     
-0.337022344106552     -0.594072215052548     -0.030137768463655     
-0.140993815046766     -0.594234560819498     -0.030164545220598     
0.051253873560186     -0.597100472937800     -0.030109616289440     
0.232350798315011     -0.599321648105526     -0.030055630534205     
0.395345194485972     -0.600229151462928     -0.030028661968292     
0.533961774815065     -0.600504215033413     -0.030016514124933     
0.642872707560538     -0.600580782157556     -0.030010233117235     
0.717891694246326     -0.600611369008410     -0.030006419585182     
0.756136115347781     -0.600625456445196     -0.030004514975643     
-0.381347336685982     -0.941035489667940     0.000010291491073     
-0.366879682753060     -0.905633225751778     0.000021466175812     
-0.338500522218498     -0.836189119738594     0.000043085943442     
-0.297302094979343     -0.735371197134973     0.000071750617031     
-0.244863488712842     -0.607055525514715     0.000080632309579     
-0.183174171874898     -0.456183723719439     0.000031623409533     
-0.114603543144643     -0.288554236812805     -0.000004294774607     
-0.041819373750670     -0.110595615580473     -0.000006380322343     
0.032379565179868     0.070853981173428     0.000002454620400     
0.105166208994186     0.248811589310284     0.000016979499181     
0.173755379763187     0.416433495585540     0.000024664148832     
0.235468770071696     0.567295456157211     0.000005107479574     
0.287903752779437     0.695612606455237     -0.000028417641038     
0.329091237931471     0.796435001990773     -0.000044134088998     
0.357462667263327     0.865882270232558     -0.000050344024005     
0.371926354243182     0.901286156711416     -0.000053209371558     
-0.756228529482846     0.600607537811384     0.050005431584491     
-0.717984172884501     0.600591766394662     0.050007886555612     
-0.642965051541516     0.600558493684182     0.050012769685400     
-0.534054343313419     0.600480215496732     0.050020645274609     
-0.395437379990179     0.600222173839976     0.050035021587390     
-0.232443129832256     0.599379203998805     0.050066022799731     
-0.051343667881336     0.597309111600774     0.050126850224069     
0.140904004360173     0.594478860951831     0.050188258436507     
0.336932412904280     0.594031080504058     0.050150709371296     
0.529182371634284     0.596755512660900     0.050034506010315     
0.710275902872129     0.599168469012642     0.049966087102986     
0.873270292078905     0.600201742369357     0.049954221583197     
1.011886214590445     0.600523668667692     0.049961981370512     
1.120797496977004     0.600610270833445     0.049972039342294     
1.195816259529429     0.600644348556901     0.049979391619140     
1.234060777466222     0.600659684017216     0.049983168515763     
-1.350614438335441     -0.602291530745493     -0.029965658713124     
-1.312369955716508     -0.602149761390873     -0.029958219822492     
-1.237352235564958     -0.601859205273365     -0.029943846865005     
-1.128441485951935     -0.601313234293094     -0.029925072661544     
-0.989832731937250     -0.600021178808858     -0.029914506322092     
-0.826862927633765     -0.596947976136944     -0.029947307630694     
-0.645842356689276     -0.591360692270808     -0.030082650396347     
-0.453647030709353     -0.586026183345733     -0.030286887869867     
-0.257630124163758     -0.586787296596004     -0.030366367652096     
-0.065446949621428     -0.592529429424829     -0.030298902007509     
0.115589654033966     -0.597687494464392     -0.030190870628347     
0.278563228570905     -0.600387744520758     -0.030108375619751     
0.417176005027224     -0.601462447391858     -0.030058747312434     
0.526085856279260     -0.601894336429603     -0.030028069986843     
0.601104680582575     -0.602115733741847     -0.030008718360793     
0.639348870033739     -0.602223530972661     -0.029998962076167     
-0.526196921180100     -0.867682988437143     0.000189799442343     
-0.506233632794958     -0.835062434827171     0.000187620264422     
-0.467074353441412     -0.771074842573612     0.000181923954252     
-0.410228094752602     -0.678176690368722     0.000158073781482     
-0.337864343342937     -0.559947240811850     0.000092326869419     
-0.252686774792805     -0.420977278652475     0.000023211772295     
-0.157990001456344     -0.266594319585534     -0.000005699769474     
-0.057450659641073     -0.102708241014507     -0.000009012078938     
0.045062565586055     0.064385974193092     0.000017887832600     
0.145595003485595     0.228276278694271     0.000070299915817     
0.240255944421328     0.382681207233586     0.000119360755653     
0.325398718888110     0.521672488233202     0.000067892707825     
0.397795799658978     0.639881450761128     -0.000089142376549     
0.454692877194964     0.732748419321481     -0.000200576472566     
0.493889465499648     0.796713134976682     -0.000263249713035     
0.513871945684217     0.829321920352838     -0.000294356543979     
-0.639433845671373     0.602135906748469     0.050003976725369     
-0.601189672334974     0.602031256867626     0.050017574415926     
-0.526170780448900     0.601816704448039     0.050044474448400     
-0.417260952090857     0.601401322052266     0.050086468765584     
-0.278647638840545     0.600377355120263     0.050151256435676     
-0.115672215021974     0.597801183584046     0.050251375077080     
0.065370424619771     0.592846460687814     0.050367417751843     
0.257557938637099     0.587260322251593     0.050417250159033     
0.453575674422083     0.586405914152385     0.050284134689818     
0.645776184625356     0.591532349175424     0.050003804181350     
0.826800160195347     0.597016883647948     0.049839446904144     
0.989770180239172     0.600076378504629     0.049821632151572     
1.128378930534891     0.601371945423646     0.049858311918836     
1.237289659727511     0.601917962106707     0.049900187937147     
1.312307385278598     0.602207142152886     0.049930600286268     
1.350551866475807     0.602348076382065     0.049946231387334     
-1.464905722663700     -0.605392606457570     -0.029907240802710     
-1.426664656393918     -0.604861561623062     -0.029895713422215     
-1.351653890848184     -0.603800769148205     -0.029873470930827     
-1.242755491260648     -0.602071113884900     -0.029845283377518     
-1.104174286541460     -0.599034954777165     -0.029830508180295     
-0.941268960549166     -0.593520948212330     -0.029877281840332     
-0.760355561346267     -0.585160300350960     -0.030052524406958     
-0.568231530583724     -0.577731083350238     -0.030341848943739     
-0.372226437746425     -0.578433800339262     -0.030537189270409     
-0.180132530827084     -0.586625178503167     -0.030502028460317     
0.000782945699416     -0.594971607092344     -0.030357643379603     
0.163698605260485     -0.600109244948334     -0.030222252046334     
0.302289777628025     -0.602712444619686     -0.030123748138341     
0.411192254400809     -0.604098232672195     -0.030055501657120     
0.486206468942927     -0.604924643818392     -0.030010501780525     
0.524448757582371     -0.605336810147733     -0.029987720938493     
-0.636328212880268     -0.790376658528452     0.000454450987548     
-0.612227759081670     -0.760681556196726     0.000406960828170     
-0.564952794386118     -0.702432689199534     0.000312634819846     
-0.496313908331272     -0.617873584125199     0.000157988468369     
-0.408895948769916     -0.510296720371683     -0.000037286701175     
-0.305957811522749     -0.383917906069418     -0.000098663430144     
-0.191494161098942     -0.243562472971773     -0.000054852500113     
-0.070002629260738     -0.094543645306401     0.000007554328307     
0.053820177483570     0.057434461499974     0.000076469679326     
0.175261754473625     0.206494004797968     0.000132361153643     
0.289699721573120     0.346870381951909     0.000125558641037     
0.392693189582734     0.473204075363116     -0.000003973344951     
0.480194092925074     0.580713437259830     -0.000216975945833     
0.548857259155091     0.665252802524929     -0.000390232164569     
0.596135193452477     0.723499221551908     -0.000501688964895     
0.620236638906464     0.753193508086467     -0.000557894720771     
-0.524414908419333     0.605130336415981     0.050003558167926     
-0.486172705337230     0.604726265969556     0.050034736577710     
-0.411157964094013     0.603916965536889     0.050096179017828     
-0.302255662017266     0.602565028383251     0.050188099403202     
-0.163661831987368     0.600054777422823     0.050314687670001     
-0.000739938476423     0.595155594490820     0.050474024961433     
0.180198701922864     0.587285208597092     0.050615853085990     
0.372308123526954     0.579484414408161     0.050590315517917     
0.568315179173856     0.578544847002102     0.050267559636244     
0.760452438077058     0.585608392413528     0.049857406193805     
0.941375651593122     0.593742700760358     0.049659380172420     
1.104285306739414     0.599149484324570     0.049651418979973     
1.242866661260068     0.602156327957958     0.049716043541447     
1.351765501471595     0.603879000720549     0.049786796304548     
1.426776053902296     0.604938373504038     0.049838633244008     
1.465017219734271     0.605468730641775     0.049865275346863     
-1.577250507402324     -0.609078405546141     -0.029842444126376     
-1.539021558049173     -0.607985139958895     -0.029828256252828     
-1.464034118888941     -0.605822115510807     -0.029800680039207     
-1.355173335372867     -0.602496634679080     -0.029763604911249     
-1.216649412207948     -0.597464225186984     -0.029732749279954     
-1.053834851127008     -0.589736214023958     -0.029752786787571     
-0.873032447545520     -0.579225594749131     -0.029914488748400     
-0.680988133009277     -0.570002694017353     -0.030272460195400     
-0.484992151429911     -0.570116037304255     -0.030612222859366     
-0.292980712303255     -0.579991440874041     -0.030675177545401     
-0.112230643178505     -0.591341888219016     -0.030537930195073     
0.050571720513105     -0.599331434314180     -0.030359312230559     
0.189103245152935     -0.604108758876171     -0.030207796784160     
0.297975965363812     -0.607041625001804     -0.030094803454353     
0.372971161705022     -0.608896412195973     -0.030018615092368     
0.411204553126719     -0.609829942154015     -0.029979920243389     
-0.719346701804915     -0.716860250615729     0.000604091762237     
-0.692165563068200     -0.689956408082098     0.000553730939539     
-0.638843534790259     -0.637186989508566     0.000453548395064     
-0.561369098257484     -0.560641257591514     0.000297611619633     
-0.462581947971428     -0.463400444176873     0.000092338674573     
-0.346385919242990     -0.349092416564571     -0.000064535612195     
-0.217357886634508     -0.221996595381412     -0.000090624323757     
-0.080416429971642     -0.087037961803239     -0.000018864304939     
0.059211580987290     0.050560928781102     0.000065658561622     
0.196164116207043     0.185508328937447     0.000133832887868     
0.325164708019546     0.312631990937063     0.000185866423854     
0.441297283117731     0.427004605015940     0.000164587606724     
0.540090581383091     0.524239173043484     -0.000032228600120     
0.617678914978146     0.600668947913372     -0.000353513978407     
0.671102387297105     0.653335163900857     -0.000604876416401     
0.698335569057162     0.680186063339938     -0.000733165374224     
-0.410864509461538     0.609404449666722     0.050018145864630     
-0.372630906569459     0.608488993915239     0.050069821193934     
-0.297634369358663     0.606671746633869     0.050171464834216     
-0.188760464315922     0.603812871949926     0.050320393604060     
-0.050221277109402     0.599225476108157     0.050512062307888     
0.112601483573127     0.591691107803780     0.050711119274247     
0.293403205733895     0.581156149097895     0.050796067878097     
0.485448751675361     0.571977436106267     0.050537332714192     
0.681450105008350     0.571597362873010     0.049933229067095     
0.873526841522284     0.580099517757047     0.049489445819504     
1.054357042892902     0.590122685536249     0.049391597960377     
1.217181691890239     0.597645638355005     0.049463871347777     
1.355707590038461     0.602614344601832     0.049575466226181     
1.464569277591534     0.605917511781784     0.049674072338297     
1.539556831561496     0.608069518438763     0.049743651126516     
1.577786007338458     0.609157319149473     0.049779186224302     
-1.688265484212158     -0.612372741967778     -0.029801723776916     
-1.650057302827441     -0.610714922378055     -0.029782573807125     
-1.575108935173301     -0.607447458109795     -0.029744975055658     
-1.466309354976364     -0.602543162387277     -0.029691883531072     
-1.327864182693224     -0.595629987555732     -0.029631227476986     
-1.165151612559158     -0.586035295581751     -0.029593498894417     
-0.984433987534791     -0.574092358453871     -0.029647653925138     
-0.792451271328893     -0.563732468649857     -0.029956479704448     
-0.596459216084683     -0.562766655032194     -0.030490703870338     
-0.404489115533005     -0.573262672427441     -0.030757708543785     
-0.223912119815608     -0.587085864188873     -0.030697757326392     
-0.061280666517027     -0.598046413139495     -0.030509803819105     
0.077134710305920     -0.605431622848075     -0.030313201706389     
0.185935928472641     -0.610370649101790     -0.030155422208755     
0.260884087225993     -0.613592293730501     -0.030046677764064     
0.299094500343716     -0.615220970842272     -0.029991343907778     
-0.782080531641721     -0.650491327859546     0.000806356995410     
-0.752518948706155     -0.626227613832492     0.000669794297728     
-0.694529251598851     -0.578635778012505     0.000401422681896     
-0.610345368840097     -0.509537855045148     0.000059979118770     
-0.503269428254357     -0.421507075763487     -0.000121562416501     
-0.377416925701047     -0.317926080487619     -0.000101905725554     
-0.237582300062914     -0.202826768784807     -0.000048245289838     
-0.089194941582027     -0.080564772302460     -0.000015558700383     
0.062027861302533     0.044179348562503     0.000058342142352     
0.210336168553043     0.166537180214992     0.000175139194878     
0.350105748179847     0.281715456948317     0.000240331735272     
0.475959578509874     0.385294828074275     0.000207090328283     
0.583067022380872     0.473287457154290     0.000113810641762     
0.667291927584205     0.542336111039360     -0.000003430415798     
0.725315860551084     0.589886831980014     -0.000116444242226     
0.754895376898605     0.614128982849881     -0.000178338713222     
-0.298152341055405     0.614422098016521     0.050068229442248     
-0.259940217722255     0.612839905689819     0.050142459816596     
-0.184987686657337     0.609712288782853     0.050288135018787     
-0.076179878383159     0.604939183023247     0.050496155140155     
0.062254717781285     0.597898425253219     0.050736888237041     
0.224932648693923     0.587669585193471     0.050894644722403     
0.405600826444423     0.575064407431530     0.050724620631965     
0.597626795979227     0.565658254930337     0.049975263125535     
0.793628061251612     0.566428433471424     0.049073780022184     
0.985668714712041     0.575644842351089     0.048875714480267     
1.166441953313696     0.586720774290592     0.049064070869748     
1.329176891750183     0.595927854663034     0.049279282100872     
1.467629079108218     0.602697675912907     0.049463154542818     
1.576431156405137     0.607546326808360     0.049601144475132     
1.651380654882661     0.610785052144834     0.049695320218512     
1.689589450409361     0.612428898791079     0.049743083305273     
-1.798648954648865     -0.614901669266124     -0.029797459483944     
-1.760466174558960     -0.612748028469607     -0.029771618453610     
-1.685564960285360     -0.608512866234370     -0.029720475510752     
-1.576837622459239     -0.602243463625852     -0.029644665888907     
-1.438474489231759     -0.593793833533396     -0.029536542488371     
-1.275848556856805     -0.582886949560395     -0.029391230889688     
-1.095168727361855     -0.570306384073154     -0.029218836902940     
-0.903220143540031     -0.559407988659226     -0.029293462661706     
-0.707234676679776     -0.556879114612933     -0.029981019024361     
-0.515256924866211     -0.566972256988985     -0.030628461000051     
-0.334818679314167     -0.582494749910479     -0.030801876921839     
-0.172395351891809     -0.596222030877582     -0.030670227380124     
-0.034159346484190     -0.606411949389254     -0.030449614018176     
0.074515061714253     -0.613636653421286     -0.030253407130869     
0.149377542013538     -0.618442598519425     -0.030114888371437     
0.187545269682444     -0.620879025719077     -0.030044198682514     
-0.829781918503432     -0.592489383416968     0.000083146809533     
-0.798485739310301     -0.570508004370890     0.000044050830706     
-0.737094322718691     -0.527392453156906     -0.000019912059621     
-0.647972156982874     -0.464792111688583     -0.000057939905487     
-0.534617114988433     -0.385008983501476     -0.000113958385892     
-0.401494283557919     -0.290954895911482     -0.000179236263070     
-0.253748301145631     -0.186204252618754     -0.000128166778253     
-0.096947814256081     -0.074937054580305     0.000017821055912     
0.062946571105414     0.038479062365133     0.000119522625993     
0.219771176156410     0.149712357179766     0.000152340054333     
0.367493353437849     0.254496584189408     0.000213390837296     
0.500510876688820     0.348699536207020     0.000320882835050     
0.613726523971490     0.428680347120021     0.000399810017781     
0.702740095552466     0.491434995840120     0.000433810210236     
0.764086704145013     0.534614325423102     0.000455747142571     
0.795365103893242     0.556621026754603     0.000467113136243     
-0.185589439195237     0.619523720066193     0.050222812698895     
-0.147416433208341     0.617180803421384     0.050311523289478     
-0.072541013118054     0.612562599531904     0.050484246531235     
0.036151625453294     0.605648251428969     0.050718459055283     
0.174432035679510     0.596036788618063     0.050928860084387     
0.336941373063038     0.583407750770884     0.050886858604357     
0.517521123626452     0.569603114254824     0.050259163900985     
0.709564801354938     0.560787164631202     0.049037790635725     
0.905562669754042     0.562711758058686     0.048112145231959     
1.097578977402941     0.572396449335596     0.048195103200973     
1.278319189196924     0.584018621091781     0.048676487343523     
1.440986078784055     0.594335669440724     0.049092395471734     
1.579364424376801     0.602492091289044     0.049387365589474     
1.688102361725919     0.608599522043080     0.049590272604666     
1.763007923630337     0.612737750494127     0.049724682538388     
1.801193869885484     0.614842565239149     0.049792693326185     
-1.909165594666680     -0.616593969082954     -0.029861524411040     
-1.871004643850642     -0.614079191519310     -0.029817843460532     
-1.796147161849054     -0.609139127526029     -0.029731712295765     
-1.687479866326168     -0.601891410934674     -0.029600266299347     
-1.549187482307449     -0.592370496986358     -0.029411769228267     
-1.386621127574095     -0.580588165761168     -0.029155247202105     
-1.205990402169189     -0.567342515021192     -0.028919857247672     
-1.014083465715543     -0.555713409271457     -0.028908906229317     
-0.818109380831065     -0.552257274217254     -0.029350211323745     
-0.626095366201035     -0.561494263644360     -0.030192976534680     
-0.445725543983690     -0.577789587746600     -0.030728508471802     
-0.283518123307383     -0.593844077481076     -0.030785907368230     
-0.145509538012494     -0.606782344925983     -0.030618230684016     
-0.037022422136243     -0.616402736422420     -0.030417974354786     
0.037713417900357     -0.622896898740923     -0.030268942836508     
0.075815796585928     -0.626196798356752     -0.030192100838477     
-0.866284173734045     -0.542949607156218     -0.000470589218175     
-0.833706144125560     -0.522917005938650     -0.000450011338372     
-0.769815697394567     -0.483599459242585     -0.000414047093598     
-0.677147779757226     -0.426378673098816     -0.000379454319513     
-0.559342655554602     -0.353326258183938     -0.000279321986133     
-0.420881777839229     -0.267323733001805     -0.000115410845157     
-0.267028477158698     -0.171768869842507     -0.000039056126747     
-0.103767416477851     -0.070217753445154     -0.000037646093053     
0.062615979668989     0.033445148762153     0.000034533751797     
0.225817999249386     0.135091026884834     0.000179479983683     
0.379617590132065     0.230732290679922     0.000289621450844     
0.518036121147847     0.316803034311422     0.000391394624627     
0.635732082305860     0.390031072724422     0.000575711810104     
0.728196689212101     0.447579425803052     0.000794166149115     
0.791875329462058     0.487238800959106     0.000955336979732     
0.824336708836782     0.507459717358260     0.001037618312517     
-0.072568476840835     0.624029856178996     0.050585017220635     
-0.034451267273137     0.620908875642545     0.050655094300468     
0.040315193878808     0.614770466151004     0.050788728332014     
0.148850220251023     0.605715451479668     0.050947781425496     
0.286943871577793     0.593703456813024     0.050973576319979     
0.449291864898467     0.579160571070371     0.050542011980814     
0.629827099972466     0.564839433587237     0.049328145130447     
0.821903555745514     0.556919317970556     0.047903844407124     
1.017893921040983     0.559855616201396     0.047537284362631     
1.209884236596112     0.570041006613315     0.047836577043610     
1.390594258838621     0.582125551337268     0.048355623902304     
1.553210873447288     0.593201131328215     0.048888142135102     
1.691530996302762     0.602288765680493     0.049306758012459     
1.800217310693209     0.609250357645926     0.049615946250363     
1.875086217489038     0.614003619286012     0.049822624453155     
1.913253371603509     0.616423911467665     0.049927765428017     
-2.020371019979052     -0.617857369389553     -0.029930352247515     
-1.982226681450185     -0.615102927482256     -0.029866297394749     
-1.907401589828504     -0.609694292045493     -0.029741071012565     
-1.798781214909088     -0.601776973129468     -0.029558796409045     
-1.660545801674795     -0.591459690886936     -0.029330669171603     
-1.498038613953246     -0.578892012266150     -0.029052037317779     
-1.317447232987496     -0.565116388568150     -0.028699436728796     
-1.125565984450469     -0.553089839392406     -0.028240015061690     
-0.929607354738955     -0.548570739305782     -0.028244093965005     
-0.737548059068029     -0.556638766341836     -0.029354234719387     
-0.557203275848642     -0.573162296970844     -0.030388279870619     
-0.395186657407710     -0.591018759041195     -0.030776765522565     
-0.257431950110356     -0.606438894904481     -0.030778825541949     
-0.149171543930268     -0.618337875948049     -0.030661048097130     
-0.074595021820714     -0.626463711061619     -0.030559071783643     
-0.036574444893022     -0.630599677892270     -0.030505365610494     
-0.894636520716577     -0.500901640616292     -0.001110014501707     
-0.861235555863018     -0.482273758380741     -0.001004218650934     
-0.795706263119330     -0.445753524212860     -0.000794613201065     
-0.700498943658883     -0.392866455737531     -0.000497666329871     
-0.579204770619031     -0.325766681781054     -0.000268557888323     
-0.436557862946108     -0.246901416675601     -0.000197149224830     
-0.278142961335382     -0.159115962157811     -0.000110393368425     
-0.109978909438805     -0.065908470065299     0.000031188809315     
0.061512757809614     0.029065432960370     0.000100124666832     
0.229673253498321     0.122279427044759     0.000133620341865     
0.388019582160868     0.210188450920904     0.000280839550057     
0.530546974669854     0.289269178052311     0.000510682189257     
0.651777828587270     0.356483496536024     0.000700049846550     
0.747032302079433     0.409286241586907     0.000839968551699     
0.812655272391971     0.445638346572031     0.000947392959976     
0.846111236255623     0.464167475465174     0.001004218902253     
0.040831612608049     0.627513160034030     0.051207434202438     
0.078881699717005     0.623663357834981     0.051194979731297     
0.153519013783984     0.616103854170081     0.051165850867703     
0.261868850918517     0.605066348712692     0.051073574104837     
0.399763531060237     0.590932959474238     0.050744638536828     
0.561974534574617     0.574985585812164     0.049890394974610     
0.742532272561777     0.560990141417683     0.048527191935957     
0.934668482739826     0.554666490627051     0.047356148237213     
1.130653029692735     0.558262079063140     0.047043465047302     
1.322641492965173     0.568503136561552     0.047513439934926     
1.503329028060564     0.580881798056600     0.048179626821331     
1.665908098477842     0.592518260900762     0.048769947623743     
1.804181490280471     0.602267610909835     0.049257143062795     
1.912830395260493     0.609803023033381     0.049633676429355     
1.987671587423820     0.614961904647662     0.049892310353922     
2.025825316324676     0.617589287743637     0.050024039594646     
-2.132277812484924     -0.619138778160175     -0.029971773086936     
-2.094147625175915     -0.616182663016127     -0.029905594615097     
-2.019354199813367     -0.610377179059764     -0.029775023644385     
-1.910773291018864     -0.601897931558853     -0.029579955044907     
-1.772593190951511     -0.590917201849461     -0.029298930624078     
-1.610124436089758     -0.577799847350946     -0.028889393707460     
-1.429562532403079     -0.563728073804362     -0.028367153260032     
-1.237662091323937     -0.551933220666949     -0.028047042065576     
-1.041702187786501     -0.547293166163464     -0.028242735439276     
-0.849554989390623     -0.553194487854468     -0.028871418256161     
-0.669126942226334     -0.568715371973655     -0.029825595026967     
-0.507254585848233     -0.587780101673294     -0.030533190323060     
-0.369754473819438     -0.605351480784247     -0.030840723935816     
-0.261746286959772     -0.619334066828067     -0.030951548933593     
-0.187346728945055     -0.628961440729584     -0.030999324989681     
-0.149418879224323     -0.633868520340817     -0.031021797750484     
-0.918440759719935     -0.462735917442609     -0.000835090878792     
-0.884176125811233     -0.445748677954776     -0.000787830933022     
-0.816973532341623     -0.412407056285072     -0.000702763480245     
-0.719476847120113     -0.363868903117708     -0.000611909508736     
-0.595495714931802     -0.301874026659435     -0.000451518384384     
-0.449718594975419     -0.228957360367731     -0.000194553658402     
-0.287644853823610     -0.148126341294413     -0.000048532432554     
-0.115595689421926     -0.062301601675135     -0.000028685718532     
0.059754559073481     0.025343826452035     0.000067824466289     
0.231741644765124     0.111292729052784     0.000238571391960     
0.393778202557337     0.192198372245421     0.000352747244518     
0.539561795153811     0.265102411573852     0.000470479943718     
0.663509655397163     0.327163723544537     0.000675268859347     
0.760887737799151     0.375939017194400     0.000883618406753     
0.827952473587905     0.409556919882452     0.001022834549626     
0.862140174481163     0.426698378958558     0.001092108159742     
0.154602049687498     0.629692662093592     0.051906844189293     
0.192581384230708     0.625201500383166     0.051767718203511     
0.267081468545770     0.616393816281094     0.051490857350442     
0.375242923000064     0.603652048623455     0.051050910777058     
0.512954096641866     0.587841211706602     0.050343468374599     
0.675086399162957     0.571145908050039     0.049245568897309     
0.855705567571044     0.558028915802525     0.047941900242919     
1.047891975406260     0.553316401531187     0.047065846621485     
1.243866454459672     0.557584542575388     0.046936193488950     
1.435856235376769     0.567832803410359     0.047322702958410     
1.616536712255460     0.580295912291522     0.047989004111971     
1.779091667679169     0.592271709405783     0.048676449045343     
1.917331008896541     0.602478736048376     0.049241728015197     
2.025950553710423     0.610430949060162     0.049668251593008     
2.100770110677959     0.615888360863124     0.049957394632616     
2.138913115431665     0.618668663941609     0.050104468647196     
-2.244726409005719     -0.620357359549594     -0.030098389420891     
-2.206609780898485     -0.617236043004330     -0.030005617341579     
-2.131841326199417     -0.611110229069424     -0.029822941693454     
-2.023297759124196     -0.602180618687208     -0.029550121400069     
-1.885155637738075     -0.590716582545480     -0.029184542619945     
-1.722717860324742     -0.577243878306538     -0.028749958382177     
-1.542150038641337     -0.563222756522104     -0.028341165802595     
-1.350248740935117     -0.551447303906516     -0.028020689823853     
-1.154308160005427     -0.545890142335024     -0.027988009888837     
-0.962126089534325     -0.550519746452884     -0.028572171512097     
-0.781619404743153     -0.565060019681027     -0.029432946064851     
-0.619797943316830     -0.584533031721769     -0.030206045711924     
-0.482505145053819     -0.603637808902993     -0.030773453769190     
-0.374724809178545     -0.619282910733492     -0.031158838169005     
-0.300497511263090     -0.630151308223410     -0.031409724255009     
-0.262657527981259     -0.635696517359901     -0.031536336072375     
-0.937411673735733     -0.430581341465313     -0.000964168716623     
-0.902654096854057     -0.414627001387795     -0.000903426281658     
-0.834464225578217     -0.383354267066272     -0.000775379929732     
-0.735395166912014     -0.338112283071476     -0.000554871558729     
-0.609172367180448     -0.280819462520665     -0.000350907967240     
-0.460716463383730     -0.213523712703972     -0.000282436006373     
-0.295856116804727     -0.138539556976389     -0.000165702706979     
-0.120837208939598     -0.058945938681290     0.000034212850084     
0.057675800661743     0.022063546195444     0.000126021241264     
0.232726386065505     0.101587682586010     0.000170687770538     
0.397560301592841     0.176629866000535     0.000347359402224     
0.545918686399511     0.244139944128966     0.000571961215467     
0.672079323111373     0.301569832614775     0.000719746005499     
0.771189912943266     0.346721160721115     0.000830994684172     
0.839464674353037     0.377808286646175     0.000926387459938     
0.874272188351444     0.393653399107976     0.000978175807194     
0.268551870837698     0.630362751054747     0.052444021474982     
0.306470876747752     0.625391166554902     0.052189130852208     
0.380853417778117     0.615652106298985     0.051687162206138     
0.488860641439301     0.601672423104868     0.050939040950702     
0.626439839337718     0.584776881957690     0.049924987165687     
0.788556997882322     0.567963787003530     0.048689043311899     
0.969249147549294     0.555921332857315     0.047542640338751     
1.161463267856591     0.552340699025844     0.046882691161473     
1.357425096918844     0.557223476885458     0.046816559351991     
1.549404419457098     0.567669017100048     0.047265416878799     
1.730077712820407     0.580240137433051     0.047922433048257     
1.892616640741378     0.592427570379442     0.048596569110468     
2.030834921160980     0.602917320058859     0.049206287607111     
2.139434278874142     0.611134340395152     0.049692527443925     
2.214239723679023     0.616781319911411     0.050028360395873     
2.252375338058703     0.619658887519334     0.050199531097128     
-2.357552363341901     -0.621298623719388     -0.030150436424905     
-2.319444372772122     -0.618071239803423     -0.030043492506035     
-2.244693837032910     -0.611737010163475     -0.029834030225905     
-2.136173087513274     -0.602526253464562     -0.029534502779551     
-1.998055836275041     -0.590778747718900     -0.029162940544396     
-1.835630589117003     -0.577139961231168     -0.028732647715089     
-1.655078248688954     -0.562941963114931     -0.028260120852044     
-1.463186906198353     -0.550983989645903     -0.027942773583414     
-1.267251789736053     -0.545236292595734     -0.027970678587837     
-1.075039419338111     -0.548760570962352     -0.028304449667797     
-0.894450324580924     -0.562181089790127     -0.029062087299054     
-0.732633800322443     -0.581670780762865     -0.029951278133545     
-0.595466601969605     -0.601644019236052     -0.030699931717296     
-0.487843758741787     -0.618333167688929     -0.031266664914769     
-0.413737273327111     -0.629993290729713     -0.031650837923515     
-0.375960005992799     -0.635948799629118     -0.031846346723997     
-0.953939376758415     -0.401135324085516     -0.000846263444937     
-0.918592240197725     -0.386533590900747     -0.000789183055896     
-0.849266533310599     -0.357866626394749     -0.000690276068822     
-0.748691456720439     -0.316078927596101     -0.000609264828771     
-0.620807744452048     -0.262595790403671     -0.000487266936500     
-0.470438218224230     -0.199692573826666     -0.000231476046228     
-0.303220102656205     -0.130125022624939     -0.000072664553334     
-0.125701942080088     -0.056273172388818     -0.000054367656706     
0.055203285237533     0.019243237475134     0.000075331769855     
0.232651105280828     0.093263646943926     0.000275989856159     
0.399835411517093     0.162912659757164     0.000379823531188     
0.550243636187762     0.225723631320761     0.000493307880730     
0.678141185687134     0.279173594509661     0.000693618009448     
0.778634284945739     0.321157759176118     0.000866079747797     
0.847846370970292     0.350098035864615     0.000963338352851     
0.883128753101232     0.364855563305515     0.001009195648255     
0.382535022826124     0.629504801713816     0.052735905095875     
0.420417629486577     0.624267654283512     0.052394610905473     
0.494730038827018     0.614017431076841     0.051724787809463     
0.602650571979912     0.599396108941246     0.050753872519722     
0.740176766142114     0.582093328936611     0.049546757266918     
0.902325383976873     0.565607754708363     0.048286334423557     
1.083080721348523     0.554557506780921     0.047272385528813     
1.275311533910771     0.551842465265030     0.046750405478814     
1.471264591477030     0.557109650492578     0.046792409192504     
1.663235530067112     0.567712166991164     0.047219152651694     
1.843900127203416     0.580407302235470     0.047882835562472     
2.006426784929808     0.592754634520567     0.048593154366257     
2.144631413002164     0.603422473437780     0.049215603694970     
2.253218480197290     0.611799606463135     0.049707878359528     
2.328015105101594     0.617562304790782     0.050047234377350     
2.366146168522371     0.620499306175221     0.050220324608536     
